iter: 4999

final_x:[[ 4.24598805e-04]
 [-3.04913866e-04]
 [-8.86292410e-04]
 [-1.25760752e-03]
 [ 8.84545527e-04]
 [-5.19799068e-04]
 [-1.42635276e-03]
 [ 3.04759288e-05]
 [-3.93317298e-04]
 [-4.79959888e-04]
 [-4.99152778e-04]
 [-1.93971414e-04]
 [-1.89029549e-05]
 [-1.75934919e-04]
 [-5.16409240e-04]
 [-4.43816426e-04]
 [-3.97370283e-04]
 [-2.42820653e-05]
 [-8.37189614e-04]
 [ 7.75098005e-05]
 [-4.72859398e-04]
 [-5.83239888e-05]
 [ 4.07726981e-04]
 [-5.23798323e-04]
 [-1.35288804e-03]
 [-3.61249135e-04]
 [-2.47367696e-04]
 [-2.08174659e-04]
 [ 1.00640581e-04]
 [ 1.53166001e-04]
 [ 3.17245987e-04]
 [-9.77538209e-04]
 [-7.04278670e-05]
 [ 4.93660826e-04]
 [-1.86619207e-04]
 [ 3.36874866e-04]
 [ 1.58323644e-04]
 [-1.49656337e-03]
 [-1.19883720e-03]
 [ 3.20952487e-04]
 [-1.79833083e-04]
 [-3.50142688e-04]
 [ 8.73269550e-05]
 [ 7.66075989e-05]
 [-1.19555131e-03]
 [ 1.12863369e-04]
 [-6.83456783e-04]
 [-6.14121704e-04]
 [-4.84185724e-04]
 [-5.43343128e-04]
 [-1.87508267e-04]
 [-1.12073841e-03]
 [-3.11505339e-04]
 [-9.13585835e-04]
 [-7.52798125e-06]
 [ 3.65083473e-04]
 [-6.50175839e-04]
 [-7.75164455e-05]
 [-9.69547788e-04]
 [-2.85207095e-04]
 [ 2.67631462e-04]
 [-8.15334949e-04]
 [-4.70923347e-05]
 [ 2.94109236e-05]
 [-4.00808571e-04]
 [-9.50308111e-04]
 [-1.56740984e-04]
 [ 1.37992279e-04]
 [-9.01593191e-05]
 [ 2.24988666e-04]
 [-1.08935114e-04]
 [ 7.16663274e-04]
 [-8.27419254e-04]
 [ 5.13870426e-04]
 [-1.22956931e-03]
 [-9.95666281e-04]
 [ 3.33755279e-04]
 [ 2.56176983e-05]
 [-4.21790103e-04]
 [-6.70722126e-04]
 [ 1.78148342e-06]
 [-7.59890765e-04]
 [-5.48222179e-04]
 [-8.39040505e-04]
 [-6.77642719e-04]
 [ 4.74922197e-04]
 [-2.09526109e-05]
 [-2.25956852e-04]
 [-6.78148166e-04]
 [-1.37940190e-04]
 [-1.25119356e-04]
 [-3.10257814e-04]
 [ 4.80127293e-04]
 [-5.21883875e-04]
 [ 2.91401581e-04]
 [-7.70488858e-04]
 [ 4.92181791e-05]
 [-5.48488259e-04]
 [-2.97382079e-04]
 [-7.00241513e-04]]