iter: 459

fx_final:0.0002518114688621292

min_x:-5.000000000100721e-06  max_x:0.015721902700633252

final_x:[[ 1.57219027e-02]
 [-3.35542339e-06]
 [-4.99989705e-06]
 [-5.00000000e-06]
 [-5.00000000e-06]
 [-5.00000000e-06]
 [-5.00000000e-06]
 [-5.00000000e-06]
 [-5.00000000e-06]
 [-5.00000000e-06]
 [-5.00000000e-06]
 [-5.00000000e-06]
 [-5.00000000e-06]
 [-5.00000000e-06]
 [-5.00000000e-06]
 [-5.00000000e-06]
 [-5.00000000e-06]
 [-5.00000000e-06]
 [-5.00000000e-06]
 [-5.00000000e-06]
 [-5.00000000e-06]
 [-5.00000000e-06]
 [-5.00000000e-06]
 [-5.00000000e-06]
 [-5.00000000e-06]
 [-5.00000000e-06]
 [-5.00000000e-06]
 [-5.00000000e-06]
 [-5.00000000e-06]
 [-5.00000000e-06]
 [-5.00000000e-06]
 [-5.00000000e-06]
 [-5.00000000e-06]
 [-5.00000000e-06]
 [-5.00000000e-06]
 [-5.00000000e-06]
 [-5.00000000e-06]
 [-5.00000000e-06]
 [-5.00000000e-06]
 [-5.00000000e-06]
 [-5.00000000e-06]
 [-5.00000000e-06]
 [-5.00000000e-06]
 [-5.00000000e-06]
 [-5.00000000e-06]
 [-5.00000000e-06]
 [-5.00000000e-06]
 [-5.00000000e-06]
 [-5.00000000e-06]
 [-5.00000000e-06]
 [-5.00000000e-06]
 [-5.00000000e-06]
 [-5.00000000e-06]
 [-5.00000000e-06]
 [-5.00000000e-06]
 [-5.00000000e-06]
 [-5.00000000e-06]
 [-5.00000000e-06]
 [-5.00000000e-06]
 [-5.00000000e-06]
 [-5.00000000e-06]
 [-5.00000000e-06]
 [-5.00000000e-06]
 [-5.00000000e-06]
 [-5.00000000e-06]
 [-5.00000000e-06]
 [-5.00000000e-06]
 [-5.00000000e-06]
 [-5.00000000e-06]
 [-5.00000000e-06]
 [-5.00000000e-06]
 [-5.00000000e-06]
 [-5.00000000e-06]
 [-5.00000000e-06]
 [-5.00000000e-06]
 [-5.00000000e-06]
 [-5.00000000e-06]
 [-5.00000000e-06]
 [-5.00000000e-06]
 [-5.00000000e-06]
 [-5.00000000e-06]
 [-5.00000000e-06]
 [-5.00000000e-06]
 [-5.00000000e-06]
 [-5.00000000e-06]
 [-5.00000000e-06]
 [-5.00000000e-06]
 [-5.00000000e-06]
 [-5.00000000e-06]
 [-5.00000000e-06]
 [-5.00000000e-06]
 [-5.00000000e-06]
 [-5.00000000e-06]
 [-5.00000000e-06]
 [-5.00000000e-06]
 [-5.00000000e-06]
 [-5.00000000e-06]
 [-4.99999576e-06]
 [-4.99360309e-06]
 [ 2.12357085e-04]]