iter: 1

fx_final:7.191760882974085e-25

min_x:-2.842170943040401e-14  max_x:5.684341886080802e-14

final_x:[[ 0.00000000e+00]
 [ 0.00000000e+00]
 [ 2.84217094e-14]
 [ 0.00000000e+00]
 [ 0.00000000e+00]
 [ 2.84217094e-14]
 [ 0.00000000e+00]
 [ 0.00000000e+00]
 [ 1.42108547e-14]
 [-2.84217094e-14]
 [ 0.00000000e+00]
 [ 0.00000000e+00]
 [ 0.00000000e+00]
 [ 0.00000000e+00]
 [ 0.00000000e+00]
 [ 0.00000000e+00]
 [ 0.00000000e+00]
 [ 0.00000000e+00]
 [ 7.10542736e-15]
 [-2.84217094e-14]
 [ 0.00000000e+00]
 [ 0.00000000e+00]
 [ 0.00000000e+00]
 [ 1.77635684e-15]
 [ 0.00000000e+00]
 [ 0.00000000e+00]
 [ 0.00000000e+00]
 [ 0.00000000e+00]
 [ 0.00000000e+00]
 [ 0.00000000e+00]
 [ 0.00000000e+00]
 [ 0.00000000e+00]
 [ 0.00000000e+00]
 [ 0.00000000e+00]
 [ 0.00000000e+00]
 [ 2.84217094e-14]
 [ 0.00000000e+00]
 [ 0.00000000e+00]
 [ 0.00000000e+00]
 [ 0.00000000e+00]
 [-2.84217094e-14]
 [ 0.00000000e+00]
 [ 2.84217094e-14]
 [ 0.00000000e+00]
 [ 0.00000000e+00]
 [ 0.00000000e+00]
 [ 2.84217094e-14]
 [ 0.00000000e+00]
 [ 0.00000000e+00]
 [-1.42108547e-14]
 [ 7.10542736e-15]
 [ 0.00000000e+00]
 [ 0.00000000e+00]
 [ 0.00000000e+00]
 [ 7.10542736e-15]
 [ 7.10542736e-15]
 [ 0.00000000e+00]
 [ 0.00000000e+00]
 [ 0.00000000e+00]
 [ 0.00000000e+00]
 [-2.84217094e-14]
 [ 2.84217094e-14]
 [ 1.42108547e-14]
 [ 0.00000000e+00]
 [ 0.00000000e+00]
 [-2.84217094e-14]
 [ 0.00000000e+00]
 [ 0.00000000e+00]
 [ 0.00000000e+00]
 [ 5.68434189e-14]
 [ 0.00000000e+00]
 [ 2.84217094e-14]
 [ 0.00000000e+00]
 [ 0.00000000e+00]
 [ 0.00000000e+00]
 [ 2.84217094e-14]
 [-1.42108547e-14]
 [ 0.00000000e+00]
 [ 0.00000000e+00]
 [-8.88178420e-16]
 [ 0.00000000e+00]
 [ 0.00000000e+00]
 [ 0.00000000e+00]
 [ 0.00000000e+00]
 [ 0.00000000e+00]
 [ 0.00000000e+00]
 [ 0.00000000e+00]
 [ 0.00000000e+00]
 [ 0.00000000e+00]
 [ 0.00000000e+00]
 [ 0.00000000e+00]
 [ 0.00000000e+00]
 [ 0.00000000e+00]
 [ 0.00000000e+00]
 [ 0.00000000e+00]
 [ 0.00000000e+00]
 [ 7.10542736e-15]
 [ 0.00000000e+00]
 [ 0.00000000e+00]
 [ 0.00000000e+00]]